2,33c2,33
< #temps e^- Ar B C K L
< 0.0 1.000000 1.000000 0.000000 0.000000 0.000000 0.000000
< 1.00 0.400000 0.640000 0.330000 0.390000 0.210000 0.210000
< 2.00 0.240000 0.690000 0.240000 0.380000 0.380000 0.380000
< 3.00 0.120000 0.730000 0.190000 0.350000 0.530000 0.530000
< 4.00 0.050000 0.790000 0.120000 0.300000 0.650000 0.650000
< 5.00 0.000000 0.820000 0.080000 0.280000 0.720000 0.720000
< 6.00 0.000000 0.850000 0.050000 0.250000 0.750000 0.750000
< 7.00 0.000000 0.850000 0.050000 0.250000 0.750000 0.750000
< 8.00 0.000000 0.870000 0.030000 0.230000 0.770000 0.770000
< 9.00 0.000000 0.870000 0.030000 0.230000 0.770000 0.770000
< 10.00 0.000000 0.870000 0.030000 0.230000 0.770000 0.770000
< 11.00 0.000000 0.870000 0.030000 0.230000 0.770000 0.770000
< 12.00 0.000000 0.880000 0.020000 0.220000 0.780000 0.780000
< 13.00 0.000000 0.890000 0.010000 0.210000 0.790000 0.790000
< 14.00 0.000000 0.890000 0.010000 0.210000 0.790000 0.790000
< 15.00 0.000000 0.900000 0.000000 0.200000 0.800000 0.800000
< 16.00 0.000000 0.900000 0.000000 0.200000 0.800000 0.800000
< 17.00 0.000000 0.900000 0.000000 0.200000 0.800000 0.800000
< 18.00 0.000000 0.900000 0.000000 0.200000 0.800000 0.800000
< 19.00 0.000000 0.900000 0.000000 0.200000 0.800000 0.800000
< 20.00 0.000000 0.900000 0.000000 0.200000 0.800000 0.800000
< 21.00 0.000000 0.900000 0.000000 0.200000 0.800000 0.800000
< 22.00 0.000000 0.900000 0.000000 0.200000 0.800000 0.800000
< 23.00 0.000000 0.900000 0.000000 0.200000 0.800000 0.800000
< 24.00 0.000000 0.900000 0.000000 0.200000 0.800000 0.800000
< 25.00 0.000000 0.900000 0.000000 0.200000 0.800000 0.800000
< 26.00 0.000000 0.900000 0.000000 0.200000 0.800000 0.800000
< 27.00 0.000000 0.900000 0.000000 0.200000 0.800000 0.800000
< 28.00 0.000000 0.900000 0.000000 0.200000 0.800000 0.800000
< 29.00 0.000000 0.900000 0.000000 0.200000 0.800000 0.800000
< 30.00 0.000000 0.900000 0.000000 0.200000 0.800000 0.800000
---
> #temps e^- Ar B C K L 
> 0.0 1.0 1.0 0.0 0.0 0.0 0.0 
> 1.0 0.4 0.64 0.33000000000000007 0.39 0.21000000000000002 0.21000000000000002 
> 2.0 0.24000000000000005 0.69 0.24000000000000007 0.38 0.38 0.38 
> 3.0 0.12000000000000002 0.7300000000000001 0.19000000000000003 0.35000000000000003 0.53 0.53 
> 4.0 0.05 0.78 0.13 0.31000000000000005 0.6399999999999999 0.6399999999999999 
> 5.0 0.01 0.85 0.06 0.24000000000000005 0.7500000000000001 0.7500000000000001 
> 6.0 0.0 0.8600000000000001 0.05 0.23000000000000004 0.77 0.77 
> 7.0 0.0 0.89 0.02 0.2 0.8 0.8 
> 8.0 0.0 0.9 0.01 0.19 0.8099999999999999 0.8099999999999999 
> 9.0 0.0 0.9 0.01 0.19 0.8099999999999999 0.8099999999999999 
> 10.0 0.0 0.9 0.01 0.19 0.8099999999999999 0.8099999999999999 
> 11.0 0.0 0.9099999999999999 0.0 0.18 0.82 0.82 
> 12.0 0.0 0.9099999999999999 0.0 0.18 0.82 0.82 
> 13.0 0.0 0.9099999999999999 0.0 0.18 0.82 0.82 
> 14.0 0.0 0.9099999999999999 0.0 0.18 0.82 0.82 
> 15.0 0.0 0.9099999999999999 0.0 0.18 0.82 0.82 
> 16.0 0.0 0.9099999999999999 0.0 0.18 0.82 0.82 
> 17.0 0.0 0.9099999999999999 0.0 0.18 0.82 0.82 
> 18.0 0.0 0.9099999999999999 0.0 0.18 0.82 0.82 
> 19.0 0.0 0.9099999999999999 0.0 0.18 0.82 0.82 
> 20.0 0.0 0.9099999999999999 0.0 0.18 0.82 0.82 
> 21.0 0.0 0.9099999999999999 0.0 0.18 0.82 0.82 
> 22.0 0.0 0.9099999999999999 0.0 0.18 0.82 0.82 
> 23.0 0.0 0.9099999999999999 0.0 0.18 0.82 0.82 
> 24.0 0.0 0.9099999999999999 0.0 0.18 0.82 0.82 
> 25.0 0.0 0.9099999999999999 0.0 0.18 0.82 0.82 
> 26.0 0.0 0.9099999999999999 0.0 0.18 0.82 0.82 
> 27.0 0.0 0.9099999999999999 0.0 0.18 0.82 0.82 
> 28.0 0.0 0.9099999999999999 0.0 0.18 0.82 0.82 
> 29.0 0.0 0.9099999999999999 0.0 0.18 0.82 0.82 
> 30.0 0.0 0.9099999999999999 0.0 0.18 0.82 0.82 
\ Pas de fin de ligne à la fin du fichier
